12
0 1299 0 0 1251 6895 4605 9307 985 6286 9273 2688 
1299 0 3558 9255 0 3800 2488 0 1763 3844 9447 2958 
0 3558 0 6249 0 7460 0 0 1980 7779 5536 2834 
0 9255 6249 0 8000 9928 0 0 6845 0 6580 7637 
1251 0 0 8000 0 0 4886 685 9300 5652 5353 4713 
6895 3800 7460 9928 0 0 0 0 0 9309 8194 1157 
4605 2488 0 0 4886 0 0 4508 3176 365 7265 5050 
9307 0 0 0 685 0 4508 0 9248 998 0 3421 
985 1763 1980 6845 9300 0 3176 9248 0 0 0 5450 
6286 3844 7779 0 5652 9309 365 998 0 0 0 0 
9273 9447 5536 6580 5353 8194 7265 0 0 0 0 2760 
2688 2958 2834 7637 4713 1157 5050 3421 5450 0 2760 0 

