10
0 0 4704 3779 6265 5972 5728 6262 0 0 
0 0 4848 7935 6700 4666 0 4002 6582 0 
4704 4848 0 166 5032 5385 5307 5481 0 2960 
3779 7935 166 0 0 0 0 2590 5259 4418 
6265 6700 5032 0 0 0 470 0 4210 0 
5972 4666 5385 0 0 0 9570 0 0 4247 
5728 0 5307 0 470 9570 0 9465 5244 297 
6262 4002 5481 2590 0 0 9465 0 237 0 
0 6582 0 5259 4210 0 5244 237 0 4725 
0 0 2960 4418 0 4247 297 0 4725 0 
N0
N1
N2
N3
N4
N5
N6
N7
N8
N9
